   2.0000000e+00  -1.0753962e+00  -9.3697858e-01  -1.1005677e+00   2.2905092e-01  -1.2024504e-01  -9.1516949e-01
   2.0000000e+00  -1.7538359e+00   6.5049659e-01  -3.8630211e-01  -6.1733256e-01   1.2554907e+00  -6.2172292e-01
   1.0000000e+00   3.0600304e-01   1.0537329e-01   3.7455169e-01   4.3251326e-01   1.6866813e-01   2.6418463e-01
   2.0000000e+00  -3.0306880e-01   8.1162959e-01   2.3684093e+00  -6.7580408e-01  -3.1089831e-01  -1.1113941e+00
   2.0000000e+00   1.3531566e+00   8.5663792e-01  -2.9081430e-01   1.2608522e+00   4.6899309e-01  -2.1633527e-01
   2.0000000e+00   1.6946451e+00   7.9055899e-01   1.0013530e+00  -1.4048114e-01  -5.5944279e-01  -2.1328421e-01
   2.0000000e+00   2.2761968e+00   3.0447840e-01   5.2115156e-01   8.3310218e-02   4.9689664e-01   9.0536764e-01
   2.0000000e+00   5.8392069e-01  -1.0194536e+00   1.3408214e+00  -4.0529264e-01  -6.1495212e-01   3.8134270e-02
   2.0000000e+00   2.7717213e-01   6.2316256e-01  -3.1532741e-01  -1.0352635e+00  -1.7646662e+00   1.3649631e+00
   2.0000000e+00   6.6688592e-01  -8.6038354e-01   4.5565096e-02  -3.2339861e-01   2.4319810e+00  -4.9521075e-01
   2.0000000e+00   1.2335573e+00   3.6154366e-01   2.4267074e-01  -1.5543168e+00  -6.4892732e-01  -7.0190178e-01
   2.0000000e+00  -1.2079054e+00  -8.7972205e-01   8.8733056e-01  -1.0017117e+00  -1.4850657e+00  -9.7315440e-01
   1.0000000e+00   8.5046495e-01   2.7881423e-01   2.6271856e-01   9.3534036e-01  -1.2657056e+00   1.5481411e-01
   2.0000000e+00  -1.0101412e+00  -2.5159988e-01  -1.5917114e-02  -4.4364223e-01   1.7733991e+00  -2.7903602e-01
   2.0000000e+00  -2.7680498e-01  -4.5516121e-01  -7.3904161e-01  -7.1584758e-01  -3.3141346e-01  -8.7834359e-01
   2.0000000e+00  -9.4306418e-01  -3.1034156e-01  -2.0136262e+00   9.5752863e-01  -1.3411397e+00   1.7352651e+00
   1.0000000e+00   3.2227691e-01  -8.1142407e-01  -5.6929081e-01   4.6735317e-01   1.0355129e+00   1.3169599e-01
   2.0000000e+00   1.5305998e+00   4.0122673e-01  -1.2400975e+00  -8.0727286e-01  -5.2897884e-01   2.5710123e+00
   2.0000000e+00   1.7789405e+00  -9.5436022e-01  -1.1690566e+00   1.2618414e+00  -5.4263524e-01  -1.3496268e-01
   2.0000000e+00   7.1106808e-01  -2.2514588e+00   2.0270733e+00  -5.8431999e-01  -5.4038112e-01  -1.0309175e-01
   2.0000000e+00  -1.8796720e+00   4.8034325e-02  -7.6468955e-02  -4.4704548e-01  -5.3452781e-01  -3.0402339e-01
   2.0000000e+00  -5.9392788e-01  -4.6008436e-01  -1.0393545e+00   1.0747406e+00  -9.2266629e-01   5.4336126e-02
   2.0000000e+00   5.1160927e-01  -3.4386775e-01  -5.2070290e-01   1.1343349e+00  -3.3789430e-01   1.4580917e+00
   2.0000000e+00  -1.8573354e+00  -1.2106829e+00   1.1030371e+00  -1.1756849e-01   3.1219078e-02   2.0932053e+00
   2.0000000e+00   1.4989814e+00   1.0671800e+00   7.2079601e-01  -1.7800966e+00  -2.3683379e-01   1.3056207e+00
   2.0000000e+00   6.8100184e-01  -8.7960518e-01   1.0020545e+00   2.5506476e-01  -5.5759385e-01  -1.0892602e-02
   2.0000000e+00  -2.1448493e+00   4.2182885e-03   7.8681654e-01   5.9796961e-01  -3.8308219e-01   4.2529728e-01
   2.0000000e+00  -1.0353179e+00   2.0926650e-01   6.2832567e-01   4.6476264e-01  -1.5955086e+00  -7.7369068e-01
   1.0000000e+00   5.6281065e-01   8.0787186e-03   6.8899652e-01  -1.5879053e+00   2.3772366e-01   4.1248771e-01
   1.0000000e+00  -1.1720530e-01  -6.4689352e-01  -5.6123771e-01   1.5700101e-01   4.5473422e-01   5.0430279e-01
   1.0000000e+00   1.7473238e+00  -9.5638889e-01   4.2405208e-01   1.8215258e-01  -5.4214107e-01   2.4187637e-01
   2.0000000e+00   5.7483335e-01   4.1319403e-01   1.8933106e+00   6.3899836e-01   1.2776187e-01   5.9744939e-01
   2.0000000e+00  -7.3633132e-02   4.0115209e-01  -1.4427775e+00  -6.2393132e-02  -6.9050006e-01  -2.7567720e+00
   2.0000000e+00  -6.6790630e-01   1.1900515e-01  -1.7973173e-02   7.5323885e-01  -4.4778248e-01  -5.2277688e-01
   2.0000000e+00  -1.0288988e-01   1.0035254e+00  -1.8906024e+00  -2.3105615e-01  -1.2565006e+00   4.8446644e-02
   1.0000000e+00   1.6311736e+00  -9.6967678e-01   1.1590178e-01  -5.6672845e-01   8.7442244e-01   2.7277908e-01
   2.0000000e+00   1.5971635e+00  -1.4093092e+00   8.5002514e-01   8.5768002e-03   1.0572760e+00  -1.2129686e+00
   2.0000000e+00   4.6363156e-01  -2.7014738e-01  -2.2899636e+00   9.7110701e-01   1.0166521e+00   3.6562230e-01
   1.0000000e+00   1.9573647e+00  -1.4988394e+00   2.5323411e-01  -2.1588174e+00   1.4527334e+00   1.0285353e-01
   1.0000000e+00   3.7222500e-01  -5.3139563e-01   9.2427423e-01   1.2237020e-01  -1.6596027e+00   2.8788558e-01
   2.0000000e+00  -2.7759318e-02  -7.5829175e-01   1.3517795e+00   8.6710191e-01   8.4795955e-01   6.6730662e-01
   2.0000000e+00   8.6061928e-01  -2.0947580e+00  -1.0515398e+00  -4.4601229e-01  -3.3828044e-01  -6.2596187e-01
   1.0000000e+00   2.7093418e-01   5.3098835e-01  -2.2161791e-02   1.4249707e-01   9.3237330e-01   1.7851839e-02
   1.0000000e+00  -1.8294630e+00   1.2745687e+00  -2.2327414e-01   3.5927922e-01  -6.6178972e-02   2.5795540e-02
   2.0000000e+00   8.6906567e-01   6.3890948e-01  -1.9770465e+00  -4.9027783e-01   2.7474869e-01   1.8887651e+00
   2.0000000e+00   1.5150499e+00  -2.0705136e-01   1.8605695e+00   2.0099484e+00  -5.2349611e-01  -4.5562053e-02
   2.0000000e+00  -1.3250326e+00   4.4022926e-01  -1.4794675e+00   2.8759950e-01  -1.2696099e+00   7.8472728e-01
   2.0000000e+00  -8.1320178e-01  -3.3317016e-01   1.3233978e+00   1.0525720e-01   9.4585533e-01  -6.3512572e-01
   2.0000000e+00  -5.9640901e-01  -1.7742485e+00   5.4209839e-01  -1.9815138e-01   1.4710929e-01  -1.0020686e+00
   2.0000000e+00  -7.5168358e-01   3.6906866e-01   1.4822124e-01   2.0619123e-01   3.1214047e-01   1.0523526e+00
   2.0000000e+00  -1.4204590e+00   8.6648380e-01   1.2843177e-01  -5.7998074e-01   1.6315242e+00  -1.6854514e-01
   1.0000000e+00  -1.8147394e+00   9.2475650e-01  -9.9750153e-01  -5.8459646e-01   7.9247295e-01   2.6107985e-03
   2.0000000e+00   7.9899618e-01  -4.6041018e-01  -5.9743009e-01   3.0896132e-01   3.6794018e-01   8.4875464e-01
   2.0000000e+00   2.0292942e+00  -8.1151194e-01  -1.4157015e+00  -8.7108695e-01  -3.3422637e-02   9.7362771e-01
   2.0000000e+00   1.3415007e+00   1.2298181e+00  -8.2999781e-02  -5.0952722e-01   9.3246050e-01  -6.9497903e-01
   2.0000000e+00  -3.9835220e-01  -9.6694038e-01  -9.6662890e-01  -1.2821438e+00  -1.0476736e+00  -1.2751877e+00
   2.0000000e+00   3.4032380e-01  -1.3941008e+00  -2.4094730e-02  -4.7274531e-01  -9.1355553e-01   1.9264242e+00
   2.0000000e+00  -1.9846266e+00   1.5601582e+00   1.2117199e-01  -1.4767260e-01   1.4331248e+00  -3.6562422e-01
   2.0000000e+00   4.5148504e-01  -8.9243227e-01  -4.2299576e-01  -1.5441356e-01   7.6412713e-01  -1.4827706e-01
   2.0000000e+00   5.8861755e-01   2.5870333e-01  -2.6405322e+00   2.8996053e-01   2.8567183e-01  -2.8415669e-01
   2.0000000e+00  -1.5915488e-01  -6.1502796e-01  -1.1118028e+00   9.7706528e-01  -1.1168079e+00   3.8073935e-01
   2.0000000e+00   2.7064168e-01   8.9098418e-01   1.6912869e+00   6.4719008e-01   1.8011138e-01   1.0549433e+00
   1.0000000e+00  -3.5045171e-01   2.8894424e-01   9.0241881e-01   2.0966274e-01   1.1335399e+00   1.3767826e-02
   1.0000000e+00  -2.0762478e-01  -1.6213119e+00   5.9334117e-01  -1.0735959e+00  -2.3456261e-01   7.4436737e-01
   2.0000000e+00  -1.8820626e+00  -6.5529384e-01   2.6098450e-01  -4.0384191e-02   2.0261773e-01   7.5043846e-01
   2.0000000e+00  -6.6718945e-01  -1.2456224e+00  -6.5248561e-01  -4.6074631e-01   7.1884686e-01  -1.2524021e+00
   1.0000000e+00  -1.0448901e+00   5.3596164e-01  -5.9790411e-01   7.8481618e-01  -1.0831420e+00   1.9590181e-01
   1.0000000e+00   1.2948582e-02   1.6865154e+00   2.9043894e-02   8.1684343e-01  -1.1099090e+00   1.5844743e-01
   1.0000000e+00  -1.8401699e-01   4.8452526e-01   2.2795146e-01  -2.1654766e-01   7.4223052e-01   6.8083574e-01
   2.0000000e+00   1.2314989e+00   8.9541161e-01  -1.5175922e+00  -5.9165957e-01  -7.7130460e-01  -1.2578128e+00
   2.0000000e+00  -2.1366071e-01  -6.9416949e-01  -1.3454411e-01   1.4426159e+00  -1.1193460e-01  -5.8501043e-02
   2.0000000e+00   2.7583440e-01   3.2057125e-01  -1.4372635e+00   1.4955662e-01  -1.4682878e-01   1.6557196e+00
   2.0000000e+00  -1.3878981e+00   5.7819909e-01  -8.9248305e-01  -8.5593514e-01   5.1292617e-01   1.0850209e+00
   2.0000000e+00  -4.2954427e-01   4.0181122e-01  -1.3042837e+00  -3.6485657e-01   7.5205496e-01   1.3422614e+00
   2.0000000e+00   3.6386979e-01  -1.6783673e+00   1.1518055e+00   5.5019700e-01  -8.4534662e-01   2.1753894e+00
   2.0000000e+00   1.6377050e-01  -3.7267770e-01   7.0327483e-01   8.8734261e-01   6.6753162e-02  -2.9158784e-01
   1.0000000e+00   1.6687764e-01   5.6132414e-01  -1.0432578e-01   1.4641191e+00  -2.5284895e+00   7.1093148e-01
   2.0000000e+00   2.9443023e-01   1.2525082e+00   2.3883314e-01   1.1732813e-01   1.5977168e+00  -5.0855034e-01
   2.0000000e+00   1.0827487e-01   1.5136224e-01  -6.5081655e-01  -1.4074344e+00   3.7400163e-01  -6.1244920e-01
   1.0000000e+00  -7.3896797e-01  -1.6285344e-01   3.3755442e-01   2.4047766e-01   8.0373228e-02   6.9085705e-01
   2.0000000e+00   1.2010576e-01  -1.8514385e+00  -2.5936068e-01   5.1633485e-01  -1.0412836e+00  -2.1523063e+00
   2.0000000e+00  -7.7655739e-01   5.1843292e-01   1.6055367e+00  -9.4423253e-01   5.5049309e-02  -3.2828641e-01
   2.0000000e+00   8.7226865e-01  -1.9331945e-01   4.3701431e-01   6.0968234e-01  -1.3161275e+00  -1.3706062e+00
   2.0000000e+00   9.9123839e-01  -1.2875637e+00   4.6445727e-01  -5.0148405e-01  -1.3426463e+00  -3.6736465e-01
   2.0000000e+00   2.2660430e-01  -1.8374452e-01  -4.4860482e-01  -1.1811495e+00  -4.3250174e-02  -5.7937142e-01
   2.0000000e+00  -9.4447687e-01   9.4336061e-01  -9.6370782e-01  -7.0626636e-01  -1.4960852e+00   6.6104547e-01
   2.0000000e+00  -3.5783764e-01  -1.4566241e+00  -6.1339509e-01   2.2908554e-01   1.8914450e-01  -1.5454040e+00
   1.0000000e+00   2.5407360e-01   1.5331750e+00  -6.5758436e-01   7.3874897e-01   1.7632239e+00   4.5421002e-03
   1.0000000e+00  -4.3405881e-01   1.3335865e+00  -3.1754068e-01  -1.0382929e+00  -1.0050580e-01   8.8909981e-01
   2.0000000e+00   6.0351437e-01   9.7388885e-01  -1.7264707e-02  -1.1894501e+00  -8.1387808e-01  -6.1677110e-01
   2.0000000e+00  -1.4022607e+00  -1.1519915e+00   2.0796236e+00   1.6747805e-01  -3.0487231e-01   4.0426414e-01
   2.0000000e+00   3.8085032e-01  -1.2486567e+00  -1.1644042e+00   5.0045968e-01   4.6193733e-01  -3.8971796e-01
   2.0000000e+00   1.6086022e+00   1.1538348e+00   1.0583923e+00   1.4912853e+00   9.4897766e-01   2.0043102e+00
   2.0000000e+00  -5.5134031e-01  -9.6573119e-01  -1.2628093e+00   5.5840448e-02  -8.5620263e-01  -1.4397279e+00
   2.0000000e+00  -4.4104939e-01   1.1234208e+00   3.8346884e-01   1.2546653e+00   2.8122400e-01   1.4176861e+00
   1.0000000e+00  -1.2185537e+00  -9.3436915e-01   7.4066484e-01  -4.2594437e-01   2.7242356e-01   1.9919297e-01
   1.0000000e+00  -1.0754800e+00  -5.2210038e-01   2.0606540e-01   1.6579877e+00   3.7248102e-01   1.3551844e-01
   2.0000000e+00  -8.5643405e-01  -7.8899908e-02  -1.2358611e+00   1.0652455e+00  -1.3244536e+00   9.6295847e-01
   2.0000000e+00   1.3060349e+00  -1.2120903e+00  -7.3579289e-01  -1.5173745e+00  -5.4819023e-01  -1.9145636e+00
   2.0000000e+00   6.9965083e-01   6.2566814e-01   4.4827969e-01   9.8947518e-01  -5.7321408e-01  -1.1101991e+00
   1.0000000e+00   1.3648202e+00   1.1100340e+00  -4.1988480e-01   9.2744998e-01  -9.8781314e-02   3.1376598e-02
   2.0000000e+00  -1.6077312e+00  -2.7709150e-01  -6.8233972e-02   1.8713780e+00  -1.3568030e+00   1.9027032e+00
   2.0000000e+00   1.8353489e+00   2.4205870e+00  -9.1295606e-01  -1.2189589e-01   2.4738205e+00  -1.7393460e-01
   2.0000000e+00   6.7401204e-01  -1.5688353e-01   1.2412669e+00   9.3767674e-01   1.4426442e-01  -1.8295914e-01
   1.0000000e+00  -5.5672033e-01  -6.1021139e-01   1.1671098e-01   1.1728353e-01   1.3182890e+00   3.1897428e-01
   1.0000000e+00   1.8102798e-01   1.1582335e+00   5.2786096e-01  -2.2683146e+00   1.2898106e+00   5.8278071e-01
   2.0000000e+00   1.2059640e+00   5.2088038e-01   9.5189114e-01  -1.4379875e+00   1.0469132e+00   3.6480050e+00
   2.0000000e+00  -1.0406781e+00  -1.0330741e+00  -1.1169499e-01   3.1659441e-01  -1.7352647e+00   2.9133468e+00
   2.0000000e+00   8.7873916e-01   6.4724331e-01  -6.1810429e-01   7.2827903e-01  -4.2877167e-01  -2.1312087e+00
   2.0000000e+00   2.9146761e-01   9.7801771e-01   1.5630293e+00  -5.2802624e-01  -4.5348367e-01  -9.5034481e-01
   2.0000000e+00  -8.6295584e-01   1.3397639e+00   6.9407576e-01  -4.2589891e-01   9.4435644e-01  -1.1176360e+00
   2.0000000e+00  -5.7443428e-01   4.0393051e-01   6.3074062e-02  -9.0180473e-01   1.3897730e+00  -1.0679063e+00
   2.0000000e+00   1.6308616e+00   2.2423002e-01   5.0631376e-01   1.3087965e+00   1.9470259e+00   1.6391703e+00
   2.0000000e+00  -1.0056209e-01   1.4316921e+00  -1.9555304e+00   1.3858110e+00   4.2605951e-01  -5.8736315e-01
   2.0000000e+00  -5.4512509e-02   9.0217976e-01   1.1444542e+00   1.2055456e+00  -9.0003800e-01  -5.3459828e-01
   2.0000000e+00   9.3662809e-01  -7.3351063e-01   1.3327348e+00  -1.9365948e-01   6.9533073e-01   3.5607574e-01
   2.0000000e+00   9.5101608e-01  -5.0717493e-01  -2.9265207e-01  -2.0772533e+00  -2.4544347e-01   1.1309545e+00
   2.0000000e+00  -4.6894755e-01   4.0859310e-01  -6.6311625e-01  -9.2747688e-01  -1.9729677e+00  -8.7016051e-01
   1.0000000e+00  -1.1048388e+00   1.3588663e+00   5.5031996e-01   5.0461334e-02  -7.7967126e-01   5.4878496e-01
   1.0000000e+00  -1.0762930e+00  -5.9234357e-01   4.1022894e-03   1.1656223e-01  -6.4337574e-01   9.6575362e-01
   2.0000000e+00   1.0930474e-01   9.0103652e-01   1.0849933e+00   9.4970062e-01   2.5235200e+00  -1.6220529e-01
   2.0000000e+00   3.2666195e-01   1.6864033e-02  -1.1382063e+00  -1.1796096e+00   1.2962214e+00   7.7178318e-01
   2.0000000e+00  -2.1670825e+00  -4.1230859e-01  -2.5179435e+00  -1.1152789e+00  -1.9767073e-02  -4.7966563e-01
   1.0000000e+00  -1.8537052e-01   9.7077207e-01   6.7033158e-02  -5.7085095e-01   8.8168153e-01   4.2889026e-01
   2.0000000e+00  -1.6457650e-01   5.7698888e-01  -6.6581054e-01  -8.0845668e-01   6.8130938e-01  -1.0188958e+00
   1.0000000e+00  -6.6194312e-01  -6.3456428e-01   6.7138941e-01   1.1907655e+00  -3.2870571e-01   6.0401564e-01
   2.0000000e+00   1.6496049e+00   9.9003889e-01   5.7276614e-01  -1.1558039e+00   4.4113418e-01  -1.1050528e+00
   2.0000000e+00  -1.9862662e-01  -2.1004099e+00   1.0383098e-02   1.3290280e+00   8.5542612e-01   1.1422863e+00
   2.0000000e+00   2.4645798e-01  -1.1416900e-01   9.0256404e-01  -6.7311481e-01   3.3026717e-01   7.4445104e-01
   2.0000000e+00   7.9327801e-01   1.5019349e+00  -2.2356509e+00  -1.2645094e-01  -5.4799893e-01   1.0927844e-01
   1.0000000e+00   4.7567701e-01   2.7792414e-02   4.5440441e-01   1.3615459e+00  -1.5018134e+00   9.8226320e-02
   2.0000000e+00   7.0693487e-01  -3.1376058e-01  -6.7673364e-01  -6.1583381e-01   6.2773141e-01   1.6974969e+00
   2.0000000e+00  -1.1777521e+00   3.5395077e-01  -1.6781606e+00  -4.2278780e-01  -8.8529008e-01  -1.7229734e+00
   2.0000000e+00   3.9865663e-01   7.4234769e-01  -1.1178180e+00   1.0945343e+00   1.2333107e+00   5.2083987e-01
   2.0000000e+00  -4.7061346e-02  -8.4097716e-02   7.6743808e-01  -1.0687817e+00  -1.1578358e+00  -1.6649137e+00
   2.0000000e+00  -3.2301345e-01   3.1418915e-01   9.1198010e-01   1.0769998e+00   2.6898049e-01  -3.4228270e-01
   2.0000000e+00  -1.6384321e+00  -6.3884273e-03  -6.0893756e-01  -8.5532157e-01   1.5579221e+00  -1.2836294e+00
   2.0000000e+00   1.1829636e+00  -3.8718180e-01  -8.8975369e-01   1.9445518e+00   4.0402911e-01  -2.3148483e-01
   2.0000000e+00  -4.8827780e-01   8.9429316e-01   1.0865825e+00  -1.9562016e-01  -6.5081911e-01  -3.2751620e-01
   1.0000000e+00   1.3104265e+00  -5.5205682e-01  -3.0030792e-01   9.0060840e-01   4.4869038e-01   2.9885788e-01
   2.0000000e+00   9.0149760e-01   5.7562383e-01  -4.1654286e-01  -1.2611757e+00  -5.3538302e-01  -8.5832417e-01
   2.0000000e+00   5.3777799e-01  -4.2832914e-01  -1.0862458e+00   1.7302584e+00  -2.2475417e+00   1.4998260e+00
   2.0000000e+00  -1.9325160e+00   5.0475292e-01  -1.2162811e+00  -5.6446633e-01   1.6341122e+00   5.0126462e-02
   2.0000000e+00   1.1354371e+00  -1.8271992e+00  -1.0902634e+00  -1.8429069e-01   1.6488218e+00  -1.6694007e-02
   2.0000000e+00   3.5680613e-01  -5.2626114e-01   5.0296607e-01  -1.7074659e+00  -1.0222347e+00  -7.8985269e-01
   1.0000000e+00  -8.2507363e-01   8.5339449e-01   7.0739774e-01  -7.1296056e-01  -6.3308022e-01   4.3796256e-01
   2.0000000e+00   1.1313464e+00  -8.1475360e-01   1.5636954e+00   7.7079546e-01   7.6167659e-01   9.0315036e-01
   1.0000000e+00  -3.2039342e-01   5.0452446e-03   6.5059537e-01  -4.1603729e-01   3.1911124e-01   4.0149035e-01
   2.0000000e+00   8.5293615e-01  -1.0651065e-01   2.1305474e+00  -4.2295161e-01  -7.4731907e-01  -4.0474640e-01
   2.0000000e+00  -1.1850442e+00   2.1017213e-01   6.3858722e-01  -2.1809992e-01  -7.3872626e-01  -7.4408638e-01
   2.0000000e+00   2.1098532e+00  -1.8770846e-01  -1.1801052e-01   4.4681848e-01   3.9808525e-01   3.8279477e-01
   2.0000000e+00   1.3904502e+00  -1.1876607e+00  -2.8468187e-01   1.2414071e+00  -2.0811410e+00  -1.3364446e+00
   2.0000000e+00   1.3727833e-01   1.0625008e+00  -1.1407584e+00   2.0191996e-01  -1.5196900e+00  -4.2111603e-01
   2.0000000e+00   2.2382427e-01  -1.8268663e+00   3.4354029e-01   5.9846932e-01  -2.1683809e-01  -1.1452477e-01
   2.0000000e+00   2.1140229e+00  -1.1101476e+00  -8.6483732e-01  -2.7790387e-01   1.6057126e+00  -7.4321342e-01
   2.0000000e+00   1.4019278e+00   6.4770626e-01   1.2874999e+00  -2.5113450e-01   1.8227168e-01   3.8865533e-01
   2.0000000e+00  -4.8572284e-01   4.3509712e-01   1.4742628e+00   1.7406920e+00  -6.7429698e-01   1.3424405e+00
   2.0000000e+00   7.8659406e-01  -4.6920049e-01   1.2554143e+00   3.9988337e-01   9.3728882e-03   4.7493834e-01
   1.0000000e+00   1.0989079e+00   1.7227433e+00   4.5358058e-01  -7.8202723e-01  -4.7290255e-01   5.5414676e-01
   2.0000000e+00   3.3575706e-01  -1.8340837e-01   6.6631982e-01  -8.6019178e-01   8.5624225e-01  -2.2658400e+00
   1.0000000e+00  -1.8939913e-02  -1.8529675e-01  -9.5477876e-01  -4.4818812e-01   3.2030720e-01   1.5646473e-01
   2.0000000e+00  -1.9940664e+00  -8.5447999e-01  -4.6463805e-01  -3.9096645e-01   5.8888544e-01  -2.0446778e-01
   2.0000000e+00   1.8098782e+00  -6.9796319e-03  -1.3668189e+00   1.3548983e+00  -1.0886072e+00  -1.8772579e-01
   2.0000000e+00  -9.0476384e-01   1.3115305e+00   5.7547961e-01   1.7653555e-01  -2.8317155e-01  -8.5665730e-01
   2.0000000e+00   7.7413921e-01   2.2522175e-03   2.2911520e+00   5.6531046e-01  -1.2828114e+00   1.0916584e+00
   2.0000000e+00  -3.7763412e-01  -1.1968742e+00   2.6362554e-01  -1.1337453e+00   1.6319693e+00  -6.1342399e-01
   2.0000000e+00   2.0677051e+00  -3.2974331e-01  -2.4598699e-01  -1.0231663e+00  -1.7012501e-01   1.4835455e+00
   2.0000000e+00   4.1834719e-01   1.4214734e+00   1.9590996e-02  -1.1668178e-01  -7.2756026e-01  -9.6296751e-01
   2.0000000e+00   1.6629976e+00  -8.7251975e-01   1.0649539e+00   1.5313272e+00  -3.4514053e-02  -2.4900044e-01
   2.0000000e+00   9.4228249e-01   3.1548382e-01   1.6069028e+00  -1.6874550e+00  -9.4975694e-01   3.4016033e-02
   2.0000000e+00  -2.1201827e-01  -1.1247271e+00   6.7113361e-01  -8.0272378e-02  -1.9446590e+00  -6.5205291e-01
   2.0000000e+00   8.5723410e-01   1.2012174e+00   3.4110305e-01   3.2206040e-01   7.7320842e-01  -2.2510189e-01
   2.0000000e+00   9.5242284e-01  -1.3835236e+00  -1.1327417e+00  -1.0522284e+00  -6.8352748e-01   2.9261097e-01
   2.0000000e+00   2.2054895e+00  -1.2662881e+00  -4.1371567e-01   7.0401001e-01   5.2111011e-01  -7.9782952e-01
   1.0000000e+00   2.2215561e-02   1.6676111e+00   7.0114281e-03   7.2373250e-01   3.8887394e-01   6.2727170e-01
   2.0000000e+00  -4.3427513e-01  -8.1382268e-01   2.2151653e+00   3.8073006e-01  -2.2103426e+00  -1.8558960e+00
   2.0000000e+00  -5.7743147e-02  -1.4438571e+00  -1.8312513e-01   2.2460441e+00   1.7051391e+00  -1.0447478e+00
   1.0000000e+00   1.0574033e+00  -7.2267931e-01   4.2048193e-01  -4.2827312e-01   4.9801209e-01   1.9780458e-01
   2.0000000e+00   3.7836692e-01   2.5801910e-01  -8.3175494e-01   2.4994722e-01  -2.8173333e-01   1.7482817e+00
   1.0000000e+00  -2.3382548e-01  -1.1041870e+00  -6.6054869e-01  -6.5210979e-01  -4.3442478e-01   2.4168189e-01
   2.0000000e+00  -8.7651225e-02  -7.0593959e-01  -8.1123863e-01  -2.0276272e-02   6.0051761e-01  -1.8357711e-01
   2.0000000e+00  -4.5310572e-01   1.1950232e+00   1.1593071e-01  -2.8431838e+00   1.0106290e+00  -1.0933072e+00
   2.0000000e+00  -5.7827917e-01  -1.2159569e+00  -1.2040359e+00  -1.7643311e-01  -1.7198254e+00   2.5030801e-01
   2.0000000e+00   1.9670432e-01   8.9059853e-01  -4.5697705e-01   3.9497212e-01   5.4766344e-02  -1.6224889e-01
   2.0000000e+00  -2.0497180e+00  -1.0928336e+00   1.3090571e+00   1.0379379e+00  -7.7865184e-01   1.2489147e+00
   1.0000000e+00   1.5981261e+00  -9.2236560e-02  -7.3883704e-03   6.5649155e-01  -5.1937604e-02   6.4529811e-01
   1.0000000e+00   1.0373455e+00   8.8311692e-01   1.9934562e-02  -1.5421728e+00   3.4419931e-01   5.7754141e-01
   1.0000000e+00  -5.1021874e-01  -8.7013384e-01   7.6314904e-02   1.6160885e-01   3.6697300e-01   9.7448281e-02
   1.0000000e+00  -4.7932599e-02  -1.1215658e+00  -3.9358597e-01   2.1421116e-01   1.4667997e+00   7.1118847e-01
   2.0000000e+00   4.0002149e-01   1.6476197e+00  -1.0362605e+00   1.5750599e-01  -1.7009495e-01   3.7708897e-01
   2.0000000e+00  -2.1898702e-01   1.0388391e-01   1.1439831e-02  -3.1546409e-02  -8.9166741e-01   1.2026905e+00
   2.0000000e+00  -4.5198185e-01  -1.5350016e+00  -1.9200635e+00  -8.6366641e-01   4.4292636e-01  -7.0363888e-01
   2.0000000e+00   1.8625445e-02  -6.4259342e-01  -1.2742955e+00   1.2304088e+00   6.8958501e-01   6.3986080e-01
   2.0000000e+00  -2.9677135e-01   7.5885594e-01   5.1109040e-01  -5.1021464e-01   3.3119276e-01  -8.0661491e-01
   2.0000000e+00   2.8494089e-01  -2.2844614e+00   1.5883397e-02  -5.1930942e-02   4.7208097e-01  -2.4422489e-02
   2.0000000e+00  -1.0968990e+00  -6.6575887e-01   5.4507227e-01   1.3794902e+00  -3.2097839e+00  -8.2495571e-01
   2.0000000e+00   8.6926966e-01  -1.5882557e+00   2.7579382e-01  -1.7416711e+00   3.5047095e-01  -1.0239065e+00
   2.0000000e+00   2.7485246e-01  -1.0356271e+00   3.0691217e-02   5.5075315e-01   3.3227897e-01   1.0620399e+00
   2.0000000e+00   5.3108964e-01  -1.0820940e+00   3.9264673e-01   1.0022883e+00  -7.1055274e-01  -2.0211926e+00
   2.0000000e+00  -9.7559397e-01   7.9545391e-01  -8.7310098e-01  -1.7949567e+00  -4.6983179e-01   9.3922269e-01
   2.0000000e+00   1.0428963e+00   9.6549447e-02   3.0861307e-01   7.5851456e-01  -1.4145778e+00  -5.5536654e-01
   2.0000000e+00   1.4708063e+00   1.1253367e+00   1.6271960e+00  -4.3328697e-01  -3.8218995e-02   6.7578118e-02
   1.0000000e+00  -8.8084234e-01  -3.4740336e-01   4.0610195e-01   9.4998041e-02   4.2293767e-01   1.4602718e-01
   2.0000000e+00   5.7419789e-01   3.4575157e-01  -5.0119631e-01   3.8159102e-01  -1.9320986e+00  -6.8610838e-01
   1.0000000e+00  -1.7268805e-01   2.8567467e-01  -5.8047570e-01   1.1908733e+00   1.5261543e-01   3.9980870e-01
   2.0000000e+00   2.9277430e+00  -2.5014873e-01  -6.8321324e-01   1.6373331e+00   8.3719930e-01   1.1047768e+00
   2.0000000e+00   1.2962520e+00   3.0014012e-01   6.6296546e-01  -4.1961561e-02  -4.6884568e-01   3.2433576e+00
   2.0000000e+00  -2.1067382e-01   9.5549364e-01   5.1937960e-01   5.5633677e-01   8.7793743e-01   1.1322938e+00
   1.0000000e+00   9.4112435e-01  -2.9182335e-01  -1.3938939e-01   2.5051912e-02   2.2331560e+00   3.9568831e-01
   2.0000000e+00   7.0226951e-02   3.8943178e-01  -1.0296143e+00   1.4290388e+00   9.1470092e-01  -4.3071847e-01
   2.0000000e+00  -5.8579156e-01  -1.0323642e+00   3.1979586e-01   7.7231417e-01   6.7641905e-01   1.2494805e+00
   2.0000000e+00  -1.5171601e+00  -1.1539313e+00   8.5630737e-01   1.3686931e-01   1.2218951e+00  -9.5454187e-01
   1.0000000e+00   1.6538918e+00   9.7532520e-02   9.2009190e-01  -1.6454624e+00  -9.4432191e-01   2.4096622e-01
   2.0000000e+00  -6.1241195e-01   1.0444770e+00   5.8956235e-01   8.1807233e-01   1.1265344e+00  -1.1943778e-01
   2.0000000e+00   3.8945579e-01   1.0072433e+00  -4.6941945e-01  -2.4759841e-01   7.0715778e-01  -8.4981613e-01
   2.0000000e+00   9.5338252e-02   4.9213707e-02   2.1145069e+00   1.8573735e-01   1.0854751e-01  -9.9124153e-01
   2.0000000e+00  -9.3632410e-02   9.7248992e-01   1.3069351e+00  -1.0357346e+00   1.9539617e+00   7.2915207e-02
   2.0000000e+00  -2.1151039e-01   2.1574507e+00  -4.6321741e-01   1.6217284e+00  -1.8734730e+00  -7.5384452e-01
   1.0000000e+00  -1.2491029e+00   4.3799381e-01   3.2008819e-01   1.2415758e+00  -1.1772755e-01   1.5098863e-01
   2.0000000e+00   2.1192812e-01  -5.7880628e-02  -8.2917150e-01   5.2649133e-01  -9.4227921e-01   7.2526261e-01
   2.0000000e+00   1.2712471e-01   1.3275944e-01  -1.8700179e+00  -4.2816141e-01  -1.1848502e+00   1.3553131e+00
   1.0000000e+00  -5.7310975e-01  -7.8595389e-02   9.4221460e-01   1.2708881e+00  -9.1252111e-01   1.5925508e-01
   2.0000000e+00  -2.8404640e-01   4.3136889e-01   8.7080356e-01   1.6735778e+00  -1.5228283e+00  -1.4821721e+00
   2.0000000e+00   6.6147768e-01   6.5255194e-01  -7.5372369e-01  -1.4361019e+00  -2.6904911e-01  -5.2791542e-01
   2.0000000e+00  -2.3866705e-01  -8.4115778e-01  -1.3024406e+00  -7.8666360e-01  -8.1836906e-01  -6.8044986e-01
   2.0000000e+00   7.8529123e-01   1.3225682e+00   1.5383301e+00   9.8414615e-01  -4.2394970e-01  -1.8637581e+00
   1.0000000e+00  -4.7757715e-01   9.9395927e-01   1.8597420e-01   1.3394050e+00   3.1669080e-01   4.2134120e-03
   2.0000000e+00   1.8814618e-01   2.1130089e-01  -2.8068405e+00  -9.7198168e-01   1.0423843e+00  -3.6165875e-01
   2.0000000e+00  -1.6785610e+00   3.2871297e-01  -3.5861348e-01   8.5987842e-01   6.7784758e-01  -8.6224960e-02
   2.0000000e+00   1.0574732e+00   2.6141585e+00  -4.5871018e-01   3.2461059e-01  -1.0073382e+00  -1.2317900e-01
   2.0000000e+00  -2.5698755e-01   7.5355162e-01   2.2107420e-01  -1.5905353e-01   7.1612603e-01  -1.5775216e+00
   2.0000000e+00   1.9759644e+00   4.6950790e-02  -4.7688647e-02   8.9205199e-01  -7.0431933e-02  -6.2900354e-01
   2.0000000e+00   3.0350436e-01   1.5461957e+00   1.9121662e-01   8.2363757e-01  -3.3401846e-01   1.2330563e+00
   2.0000000e+00   3.3325981e-01  -1.1711372e+00  -1.1527916e+00   5.7848914e-01   1.7146174e-01   1.3177720e+00
   2.0000000e+00  -7.3761832e-01  -1.8024472e+00  -1.7286518e+00  -1.1556348e+00  -4.3378400e-01  -6.6561511e-01
   2.0000000e+00  -4.0937876e-01  -1.3819529e+00  -4.7062042e-01   1.3411715e+00   4.6968001e-01  -1.5950781e+00
   1.0000000e+00  -9.9356144e-01  -1.0452586e+00   9.1228672e-01  -9.5331465e-01  -5.1361018e-01   2.2528085e-01
   2.0000000e+00  -6.7228909e-01  -1.3937469e+00   1.2775053e+00  -1.1467544e-01   2.6649286e-01  -4.2644225e-01
   2.0000000e+00  -1.4153409e-01   1.3264942e+00  -1.8207370e-01  -8.7374826e-01   4.6999110e-01  -8.2574347e-01
   1.0000000e+00   1.3550026e+00  -7.7646225e-01   5.4915591e-01  -6.0889440e-01   1.0948607e-01   3.8508066e-01
   1.0000000e+00   2.2840338e-02  -1.0883384e-01  -1.2353693e-02  -1.2658989e+00  -1.5072015e+00   1.0397763e-01
   2.0000000e+00   9.4366573e-01  -1.0639760e+00  -1.3186959e+00   1.0814398e+00   1.8471643e+00   2.9481467e-02
   2.0000000e+00   7.8760638e-01   1.2586852e+00   1.2397218e+00   8.6913396e-01  -3.6774498e-01   7.2287844e-01
   2.0000000e+00  -1.5038435e+00   6.0837604e-01   8.6506615e-01  -1.2835659e+00  -9.6809508e-01   1.3355015e+00
   2.0000000e+00  -1.3003066e+00  -1.6652221e+00   2.0545436e-01   1.1940196e+00   9.4637440e-01  -1.1820032e+00
   2.0000000e+00   2.2957897e-01  -1.1090044e+00  -2.1550377e-01  -1.1082475e+00   2.0978151e+00  -1.3587926e-01
   2.0000000e+00  -3.6172889e-01  -2.5796706e-01  -1.5298583e-01  -4.3823302e-01  -9.0446523e-01  -2.9739538e-02
   1.0000000e+00  -2.6935775e-02  -7.1395609e-01  -8.6333363e-01  -2.9319449e-01  -1.6259708e+00   4.5907846e-01
   2.0000000e+00   1.6373404e+00   5.2796327e-01   1.9254716e+00  -1.7153320e+00   4.0612717e-01   1.6434846e+00
   2.0000000e+00   1.6360528e+00   1.1444073e+00  -1.7534704e+00   8.3815146e-01   2.7934672e-01   3.6435839e-02
   2.0000000e+00  -1.0153580e+00   2.6143125e-01  -6.5407529e-01   3.1228592e-01   1.8625126e-01  -1.6255995e-01
   2.0000000e+00   1.7034048e+00  -7.2213698e-01  -2.2206807e-01  -6.4076439e-01  -8.9414730e-03  -9.2598817e-01
   2.0000000e+00  -4.3652352e-01  -3.3434878e-01   2.0228300e-01  -5.5468192e-01  -1.8544089e+00  -1.4311897e-01
   1.0000000e+00   5.4100513e-01   1.3538315e+00  -3.3857913e-02   2.3976126e-01   5.7142085e-01   7.2892715e-01
   2.0000000e+00  -5.4564649e-01  -1.6153814e+00   1.2273471e+00  -1.3092167e+00  -1.1064152e+00  -4.0858154e-03
   2.0000000e+00   1.3032849e+00  -4.7897786e-01  -2.1964307e+00  -4.5665245e-01  -5.8722821e-01  -2.8166260e-02
   1.0000000e+00   3.9057356e-01  -9.6837559e-01  -6.9993197e-02   9.2922994e-01   5.4936827e-01   8.1306036e-02
   2.0000000e+00  -2.1769113e+00  -5.1083617e-01   1.1518127e+00  -6.1034474e-01  -1.3034052e+00  -3.4357081e-01
   2.0000000e+00   2.8278783e-01  -1.2443629e+00  -1.1729178e+00  -5.4547041e-01  -3.0427748e+00   1.5622382e-01
   2.0000000e+00  -4.7018527e-01   3.0819901e-01  -1.1464264e+00  -2.1529241e-01  -9.4404666e-01   6.9089513e-01
   2.0000000e+00  -2.4118007e-01  -6.6600135e-02  -1.0399599e+00   4.8164286e-01  -2.4600393e-01  -7.9954283e-01
   2.0000000e+00   9.4034202e-01   4.7478735e-03  -4.3546636e-02  -1.8653410e-02   8.4172371e-01  -1.2012343e+00
   1.0000000e+00  -1.3582870e+00   5.4581274e-01  -7.3586816e-01   1.6567922e+00  -9.3299751e-02   2.2574922e-01
   2.0000000e+00   6.3763726e-01   8.5605702e-01   9.0027087e-01  -1.0864138e+00   7.3983008e-02  -4.6916489e-01
   2.0000000e+00  -6.3387043e-01   4.7296746e-01  -4.5261687e-01   1.2186772e+00  -6.2312212e-02  -2.3550035e-01
   2.0000000e+00   1.3232198e+00   5.4105618e-01   1.5472848e+00   7.7893303e-01  -1.3977408e+00   8.3695938e-01
   2.0000000e+00  -6.2597631e-01   6.6150881e-01  -3.4188407e-01   9.8214832e-02  -2.1311885e-01  -4.4507161e-01
   1.0000000e+00   7.3472713e-01  -3.8645086e-01   4.5107961e-02  -1.9902701e-01  -9.5657428e-01   4.1244367e-01
   2.0000000e+00  -1.1363928e+00   2.1234279e+00  -2.0570580e-01   4.4912748e-01   1.2782814e+00  -5.8787830e-01
   2.0000000e+00   6.9274963e-01  -1.5579370e+00  -1.9530480e-01   6.6534441e-01  -7.1302090e-01  -1.1212562e+00
   1.0000000e+00   1.0054476e+00   1.7932427e+00   5.3402201e-01  -9.6171901e-01   3.3652706e-01   1.0272897e-01
   1.0000000e+00   1.1178346e+00  -1.5087193e+00   1.0548746e-01  -1.3302732e+00   3.2825636e-01   1.0778457e-01
   2.0000000e+00   7.7726727e-01  -1.5096900e-01   1.0559664e+00   1.2574986e+00  -4.7081200e-01   5.1028189e-01
   2.0000000e+00  -1.4016050e+00  -4.8906380e-01  -1.3645341e+00   1.9618592e-01  -8.9063333e-02   1.3741142e-01
   2.0000000e+00   1.8142295e+00   8.3045975e-01   3.4391740e-01   1.2898065e-01   7.2128042e-01  -5.8746214e-01
   2.0000000e+00   1.2658725e+00   5.8790021e-02  -1.2900319e+00   1.0825833e+00  -2.2095974e-01  -2.6363410e-02
   1.0000000e+00  -4.4927416e-01   1.1996795e+00   2.6495047e-01   1.4562328e-01  -1.3173761e+00   4.8645819e-01
   2.0000000e+00   2.0044834e+00  -2.5604274e+00  -3.6195765e-01  -2.0347681e+00  -2.3999999e-01  -2.5593167e-01
   2.0000000e+00   1.6025380e+00   1.7247009e+00   6.7084674e-01   1.4432004e+00   9.3583906e-02  -8.6504968e-01
   1.0000000e+00   7.4027123e-01   1.4258607e+00   6.5239379e-02  -1.9656654e-01   6.1238926e-01   6.0071084e-01
   2.0000000e+00  -3.3365608e-01   3.1707160e-01   1.0009506e+00   3.2786895e-01   2.8449206e-01   1.8593497e+00
   2.0000000e+00  -4.1023423e-01   4.2606808e-02  -6.0115091e-01  -1.4454629e+00  -3.5640676e-01  -2.2728518e-01
   1.0000000e+00   2.1045247e-01   2.9115620e-01  -4.8701172e-01   6.1677345e-01   1.3260589e+00   6.3680993e-01
   2.0000000e+00   7.7782176e-01   2.0291342e-01  -3.2440302e+00  -9.6725805e-01  -1.6494436e+00  -8.1109688e-01
   2.0000000e+00   1.0948550e+00   2.3085187e+00   1.8549845e+00   1.6369805e-01  -5.1799687e-01   2.7185162e+00
   2.0000000e+00   1.8401231e+00  -6.1710152e-01   1.5548637e+00   8.2415698e-01  -4.0478121e-01  -7.2323715e-01
   2.0000000e+00  -2.8373017e-01  -7.7034951e-01  -2.4930273e-01   3.2999494e-01  -8.8000325e-01  -4.0057276e-01
   2.0000000e+00  -1.0388101e-02  -1.1835220e+00   1.7021819e+00  -5.1730385e-01  -1.9643663e+00  -1.5646018e+00
   2.0000000e+00   1.4398481e+00  -3.7838876e-01  -4.1636925e-01   1.1454670e-01  -5.4591334e-01  -5.3803138e-01
   1.0000000e+00  -1.7630442e+00  -7.3168660e-01  -4.6694615e-01  -1.7504689e-01  -2.3365750e-02   4.9496591e-01
   2.0000000e+00   2.7552792e-01  -3.0791753e-01  -1.5680829e-01   3.6157753e-01   2.0411729e-01  -6.1820850e-01
   2.0000000e+00   3.0791046e-01   9.8860329e-01  -2.0046389e+00  -5.2477391e-01  -7.7533579e-02   4.4187526e-01
   2.0000000e+00  -8.4987263e-01   3.9566900e-01   1.6043899e+00  -2.7526352e-01  -7.0355154e-01   6.2491537e-01
   2.0000000e+00   4.8584411e-02   7.5373844e-02  -1.4259537e+00  -1.4710624e+00  -7.8438044e-01   2.9931764e-01
   2.0000000e+00   7.7008214e-01   1.0548461e+00   1.1195382e+00   3.7454488e-01  -4.0520579e-02   1.3993657e+00
   2.0000000e+00   7.1623715e-02   1.5862466e+00   9.2376321e-01   7.1478824e-01   3.6109647e-01   6.9412833e-01
   1.0000000e+00  -7.4118309e-01   9.3092999e-01  -1.8885798e-01   1.5779137e-01   8.8255637e-01   1.1881331e-01
   1.0000000e+00   6.8435028e-01   8.7451194e-01  -5.6140803e-01  -4.1867086e-02   2.1000436e-01   2.8120337e-01
   2.0000000e+00   1.7420465e-01  -2.3452197e-01   9.9932353e-01   5.2778284e-01   1.0992384e+00   8.8978108e-02
   2.0000000e+00   1.0151632e+00  -8.4907846e-01  -1.1322919e+00   8.2510681e-01   1.3585184e+00   1.9142318e-01
   2.0000000e+00  -5.3402219e-02  -9.7815653e-01   1.5157290e-01  -2.5349511e-01   3.7370578e-01  -4.8497957e-01
   2.0000000e+00  -3.0460794e-01   6.6927613e-01  -1.3813467e+00  -7.5777042e-01   1.5766849e+00   3.5035805e-01
   1.0000000e+00  -1.0365849e+00   1.4185604e+00  -7.4909630e-01  -1.0202203e+00   9.4680051e-02   4.6904949e-01
   2.0000000e+00   1.3750081e+00   6.6118794e-01  -8.3676485e-01  -3.8711359e-01   1.4140195e+00   7.2212863e-01
   2.0000000e+00  -1.1766429e-01  -7.5817140e-01   6.4775174e-01  -1.3534135e+00   1.0144483e+00  -1.7816826e-01
   2.0000000e+00   9.5020202e-01  -6.1555404e-01   1.9932276e+00  -3.7026236e-02  -1.3612484e+00  -6.9650075e-01
   2.0000000e+00   1.7204010e+00  -6.3890331e-01  -1.8522378e+00  -9.3252225e-01   1.3772307e+00  -1.4855561e-01
   2.0000000e+00  -3.7178902e-01   4.4995521e-01  -9.8233571e-01   1.1792447e+00   1.2075008e+00  -2.7206309e-01
   2.0000000e+00   1.6884030e+00  -1.9802180e+00  -1.3186572e+00   1.1684039e-01   2.6423451e-01   7.7247713e-01
   2.0000000e+00   5.5873719e-01  -1.5799223e-01  -5.3300945e-01   8.8542511e-01   3.4802437e-01   1.2469504e+00
   1.0000000e+00   2.6494369e-02  -1.9196050e+00   5.3925309e-01  -1.7758068e+00  -1.8749721e-01   7.2081001e-01
   2.0000000e+00  -5.2744621e-01   1.5402548e+00   2.1690824e-01   4.3776494e-01   4.6513957e-01   1.5168076e+00
   2.0000000e+00   2.6248733e-01   8.3623510e-01  -4.6809612e-01  -1.2061643e-01   1.1844511e+00   1.2782327e+00
   2.0000000e+00   3.9829021e-01   4.2072472e-01   8.4043238e-01   9.9548692e-01   6.4792126e-02  -1.6705741e-01
   1.0000000e+00   2.6541308e-01   1.7657393e-01   2.9154002e-01   3.6461446e-01  -2.5518789e+00   7.3599054e-01
   2.0000000e+00   1.3862476e+00   6.9793743e-01  -8.1894279e-01  -3.3730125e-02   3.8549617e-02  -4.0784160e-01
   2.0000000e+00  -1.8416044e+00   1.9301364e-01   1.3401933e+00   1.6310381e+00   8.4999419e-01  -1.2488619e+00
   2.0000000e+00   4.8299896e-02   6.6463060e-01  -1.6599220e+00   2.6810075e-01  -4.6571337e-01   7.1565941e-01
   2.0000000e+00   3.4275701e-01   9.2449967e-01  -9.7995513e-01   2.8368657e-01   1.7761089e+00  -3.4074109e-01
   1.0000000e+00   5.9277969e-01  -1.3674944e+00   1.5892604e-01  -3.2745893e-01   1.7131476e+00   4.9961047e-01
   1.0000000e+00   4.9806557e-01   2.7099104e-01  -3.9180000e-01   4.3280999e-01   4.8827607e-01   1.7056476e-01
   1.0000000e+00   2.7470238e-01  -3.9135475e-01   4.7153019e-02  -4.6233307e-01  -9.7659608e-01   6.9907518e-01
   2.0000000e+00   1.5425332e+00   1.0404189e+00  -8.4002061e-01   3.4907821e-01  -1.4524968e+00  -1.1297277e+00
   2.0000000e+00  -4.8504837e-01   6.2415315e-01  -1.1712522e+00   3.2190685e-01  -1.0212581e+00   2.0697493e+00
   2.0000000e+00   2.7370983e-01   6.3697653e-01   2.3769981e+00  -5.6780681e-01   2.8818567e-01  -2.9883057e-01
   2.0000000e+00   1.3051942e+00   2.7835261e-01  -2.4912808e-02  -3.0256108e-02   2.4148273e-01  -7.4916126e-01
   1.0000000e+00   1.4329083e-01  -6.0523620e-01  -2.5413622e-01   2.1420266e-02   1.7204008e+00   7.2730900e-02
   2.0000000e+00   1.1007941e+00  -1.7046867e-01   1.4719709e+00  -1.3819327e+00  -1.8186761e+00  -6.7016794e-02
   1.0000000e+00  -8.7049804e-01  -4.1067883e-01   2.1328931e-01  -5.1756907e-01   9.0713531e-01   3.0910571e-01
   2.0000000e+00   1.7680419e-01   7.5144240e-01   3.2948220e-02  -1.0398127e+00   1.7499644e-01  -6.9315084e-01
   2.0000000e+00  -4.3347407e-02   1.7513449e+00   1.1553023e-01   3.1265943e-01  -7.8213290e-01  -6.7354140e-01
   2.0000000e+00  -9.0857857e-02  -1.6332606e+00  -1.4463429e+00  -1.1406262e+00   1.1032865e+00  -8.6690437e-01
   2.0000000e+00   5.2444296e-01   8.8094559e-01   1.1401901e+00  -4.7348689e-01  -5.7854334e-01   1.8567861e-01
   2.0000000e+00   1.8783199e-01   6.4127815e-01  -6.6441305e-02   1.2656124e+00   4.5102549e-01  -2.3252322e-01
   2.0000000e+00  -5.6686076e-01   1.8198428e+00  -6.9660048e-01  -6.8271801e-01  -1.2098598e-01  -1.2589414e+00
   2.0000000e+00   7.3515066e-01   2.7184472e+00   6.1633146e-01  -1.1032350e+00   2.0315422e-01   1.1122280e+00
   2.0000000e+00   1.9616635e+00   1.4769791e+00  -1.2334187e+00  -3.1002116e-01   5.4838139e-02  -6.7808407e-01
   2.0000000e+00  -2.1510080e-01   8.7971228e-02  -6.6377903e-01   5.1099955e-01  -1.2591763e+00  -9.0925867e-01
   2.0000000e+00  -3.5001390e-01  -2.7977176e-01  -1.3324533e+00  -1.8296432e-01   2.0484256e-01   7.9120208e-01
   2.0000000e+00  -4.6136958e-01  -2.1428181e+00   6.9550045e-01  -2.8679682e-01  -8.3627996e-01  -5.1222762e-01
   2.0000000e+00   5.9273048e-02   5.1509289e-01   4.5070677e-01   6.0182063e-02  -1.0443847e+00  -8.7526873e-01
   2.0000000e+00  -5.0440990e-01   4.6201466e-01   1.6264098e+00  -7.2025171e-01  -2.9624078e-01  -4.6429496e-01
   2.0000000e+00   2.7131178e+00  -1.8060389e-01  -1.5263138e-01   4.5192143e-01  -2.5897745e-01  -2.5433702e-01
   2.0000000e+00   1.1881243e+00   2.6610703e-01  -4.3081636e-01   1.5761828e-01   1.1120403e+00  -1.7572917e+00
   2.0000000e+00  -4.1722740e-02   5.4780580e-01  -6.4402557e-01  -7.9544357e-02   8.2894063e-01   1.7727989e+00
   2.0000000e+00   7.7855327e-01   2.0878600e-02   1.4933388e-01   6.9813423e-01  -8.2215580e-01  -5.8495199e-01
   2.0000000e+00   6.0293667e-01  -6.2264873e-01  -1.0098227e+00   2.1905277e-01  -2.2617160e-01   9.1248963e-01
   2.0000000e+00   1.9265216e+00   4.1633150e-01  -2.2387436e+00  -1.5215868e-02  -9.9583416e-01   8.8300515e-01
   2.0000000e+00  -5.9992308e-01  -4.3696479e-01   1.1939573e+00   2.7132560e-01   5.0943959e-01  -3.6575618e-01
   2.0000000e+00  -2.5086718e-01  -6.9903537e-01  -1.9676267e+00   5.8295571e-01   1.4865626e+00  -1.8123614e-01
   2.0000000e+00   1.1974707e+00   3.2873023e-01   1.2130307e+00   2.2605277e+00  -1.5320437e+00   2.4122756e+00
   2.0000000e+00  -9.1524573e-01  -3.7969666e-01  -1.5847884e-01   7.3134926e-01   2.9229972e-01  -7.4070857e-02
   2.0000000e+00  -9.6551409e-01   3.7528129e-01   4.1312144e-01   5.8499079e-01  -1.1903797e-01  -2.6327188e+00
   2.0000000e+00   5.7037135e-01   5.8225310e-02   1.1382109e+00   5.0513012e-01   5.6420460e-01  -1.7625541e+00
   1.0000000e+00  -3.9223259e-01   2.8064334e-01   2.9800079e-01   7.3888310e-03  -1.6132975e-02   9.4661575e-01
   2.0000000e+00  -3.1462926e+00   1.1855881e+00   7.9796512e-01  -1.0771450e+00   2.0895346e-01  -9.8320312e-01
   2.0000000e+00   6.2160132e-01  -2.0543765e-01   2.4733342e-01  -1.1328894e+00   3.5654969e-01  -4.9541950e-01
   2.0000000e+00   6.4476096e-01  -7.1315237e-01  -6.6643261e-01   1.2436068e+00  -8.8895393e-01  -2.2250371e-01
   2.0000000e+00   8.5261983e-01  -8.5011266e-01  -1.4079403e+00  -7.8812641e-01   2.8327895e+00  -5.0431649e-01
   2.0000000e+00  -5.5141103e-01  -3.6740869e-01  -1.2371316e+00  -1.7224957e+00   1.3619764e-01   1.9451273e+00
   2.0000000e+00   1.4572383e-01   7.9044896e-02   1.3746594e+00  -7.4407256e-01  -1.3485213e+00  -4.3048226e-01
   1.0000000e+00  -3.8949261e-02   5.4555338e-01  -3.7939561e-01   8.6762005e-01   2.2334132e+00   1.0397997e-01
   2.0000000e+00  -6.7693440e-01  -1.9688248e+00  -6.4127475e-01  -9.3115622e-01   1.0701060e+00   9.1585658e-01
   2.0000000e+00  -1.2353035e+00   2.4030432e+00  -1.3741659e+00   2.1366202e-01  -1.0618374e+00   5.6892050e-01
   2.0000000e+00   5.4929586e-01  -5.3584505e-01  -8.8434640e-01  -3.1775837e-01   1.1135679e+00   5.7431199e-01
   2.0000000e+00  -6.2584064e-01  -3.5508841e-01   6.5267490e-02   3.5169626e-02  -1.9354300e-01  -6.3299223e-01
   1.0000000e+00   9.9353657e-02   3.4127200e-01  -3.8439374e-02  -4.6720341e-01   2.7868174e+00   7.4339294e-01
   2.0000000e+00   5.3523957e-01   1.1344809e+00   2.0211925e-01  -1.9452437e+00  -8.3662688e-01  -7.5678742e-01
   2.0000000e+00  -8.2601587e-01  -1.8162536e-01  -1.0588384e+00   1.9269993e-02   2.9089856e-01   2.9932131e-01
   2.0000000e+00  -9.5928138e-01  -3.5883134e-01  -2.2721301e+00   6.9208192e-01  -2.0304160e+00  -5.7761458e-01
   1.0000000e+00   1.7902051e-01  -1.1432244e+00  -6.5917184e-01  -1.7012816e+00   1.1705735e+00   2.2885516e-01
   2.0000000e+00   2.6758073e+00   1.1248135e+00   5.6563302e-01   8.0301461e-01  -7.9912559e-01  -2.8406547e-01
   2.0000000e+00   2.7524654e-01   2.2959011e-02  -1.0388406e+00  -8.1793325e-01   1.5466895e+00   1.5949606e+00
   1.0000000e+00  -4.1376662e-01  -1.0497927e+00   3.3633008e-01  -3.7088877e-01  -9.4252391e-01   3.0893522e-01
   1.0000000e+00   1.9350742e+00  -1.4862386e+00   9.3819288e-01  -1.6283699e-01  -1.1327263e+00   1.2144256e-01
   2.0000000e+00   7.1757523e-02  -8.9080105e-01  -3.9628152e-01  -1.2044534e+00   4.5791782e-03  -1.0313723e+00
   2.0000000e+00  -4.6175686e-01  -1.2885175e+00  -1.2188003e+00   2.2004229e-01   4.8318418e-01  -1.3655247e+00
   2.0000000e+00   3.5510303e-01  -3.3538465e+00  -2.1521973e-01   3.3679167e-01   9.5963110e-01  -2.2680029e-01
   2.0000000e+00   4.4068456e-02  -1.0599267e-01  -1.4622289e+00  -9.0908011e-01   1.3346399e-02  -2.9334903e-01
   2.0000000e+00   7.0142323e-01  -1.3213286e+00   6.0065689e-01   5.6747458e-01  -1.1351902e-01  -6.4136868e-01
   2.0000000e+00  -1.4441251e+00   6.0485230e-01  -2.9170834e-01   1.2472789e+00   2.4631128e-01  -1.8844460e-01
   2.0000000e+00   1.0291975e+00   2.2534151e-02  -7.8729578e-01  -2.2133106e+00  -4.7179560e-01  -1.4517782e-01
   2.0000000e+00   8.3036831e-01  -1.5174340e+00   9.1433409e-01   3.8238893e-01  -9.7445425e-01   1.1039318e+00
   1.0000000e+00  -1.0425245e+00  -1.3413506e+00   2.1211027e-02  -1.4537121e+00   1.2199093e+00   2.4770815e-01
   1.0000000e+00  -1.4690547e-01   2.0512278e+00  -4.0143956e-01   7.3756006e-01  -8.6378132e-01   8.7269253e-01
   2.0000000e+00   8.5993470e-01  -6.4477298e-01  -1.3925469e+00   1.2427971e+00  -2.6230820e+00   1.6491583e+00
   2.0000000e+00  -8.2894017e-01   7.9311409e-02   2.4038470e+00  -8.0869047e-01  -8.0837722e-01   1.2128653e+00
   2.0000000e+00   1.9204448e+00   1.8013309e+00  -5.2918717e-01   3.5302825e-01   2.3383520e+00  -4.6188104e-01
   2.0000000e+00  -1.5284254e+00   2.5098121e-01   1.7657956e+00  -1.0800458e+00   2.0597467e+00   2.0683120e+00
   2.0000000e+00  -9.8573382e-01   5.6474982e-01   1.2416563e+00  -2.2597501e-01  -7.7085053e-01   1.0120693e+00
   2.0000000e+00  -5.8438822e-01  -2.0158915e+00   7.5756847e-01  -2.6377348e-01   1.0650588e-01  -6.3460556e-01
   2.0000000e+00  -1.6760680e+00   1.7011839e+00  -8.5362413e-01   9.5639948e-01  -3.2341244e-01  -1.0500317e+00
   1.0000000e+00   2.9525353e-01  -1.4184843e+00   1.0064532e-01  -9.8376590e-01  -5.8329025e-01   2.4774129e-02
   2.0000000e+00   5.4801383e-01   1.0393772e+00   1.1307678e+00   6.4895038e-01   1.7346655e+00   8.3323807e-01
   2.0000000e+00   9.0548405e-02  -4.9299676e-02  -1.1529474e-01   5.0217143e-01  -8.8298028e-01  -7.8661703e-01
   2.0000000e+00  -1.2063976e+00  -1.1106830e+00  -2.4599585e+00   9.3119902e-02  -1.5515868e+00  -4.9068210e-03
   2.0000000e+00   6.1082319e-01   1.6850763e-01  -8.3050291e-01  -1.4777841e-01  -9.1581375e-01  -1.5819541e-01
   2.0000000e+00  -5.6717424e-01   2.4982855e-01   7.7018244e-01   3.2218051e-01   3.6364182e-01   1.0505333e+00
   1.0000000e+00   1.4061296e+00  -2.0819443e-01   5.8498761e-01  -3.8104092e-01  -1.3334376e+00   6.1178203e-01
   2.0000000e+00   3.8230659e+00  -6.0996527e-01  -3.9617320e-01   5.7526966e-01   7.6235285e-01   1.1502265e+00
   2.0000000e+00   5.7697985e-01   1.1029856e+00  -1.3141303e+00  -8.3638959e-02   2.0175431e+00   3.9275219e-01
   2.0000000e+00  -1.2197562e+00  -2.0519980e-01   7.7861525e-01  -4.3978560e-02  -2.0262662e+00   7.2762426e-01
   1.0000000e+00   4.0122043e-01  -4.2057078e-01   2.4313053e-01   1.2944915e-01  -1.0049943e+00   6.8136724e-01
   2.0000000e+00  -1.0562994e+00  -1.6145401e-01   1.0466954e+00  -1.2066644e-01  -3.7204677e-01   6.8728542e-02
   1.0000000e+00  -1.2546514e+00   2.8642866e-01   4.0155004e-01   2.8532755e-01   8.4167636e-01   4.2564840e-01
   2.0000000e+00   2.6184130e-01  -3.1064651e-01  -8.0781119e-01  -2.9964089e-01  -3.0261234e-01  -6.6114703e-01
   2.0000000e+00  -9.2907264e-04   8.8700566e-01   2.1034681e+00  -3.1635048e-01  -1.0641729e+00  -1.7725843e+00
   2.0000000e+00  -1.1453363e+00   5.4864959e-01   5.0380162e-01   4.8663923e-01   7.2209297e-02  -1.0504923e+00
   2.0000000e+00   2.8753959e-01   1.1552673e-01   9.0193379e-01  -6.9524981e-01   6.9770039e-01  -3.1876922e-01
   2.0000000e+00   1.7156458e-03  -1.5665057e+00   6.2588104e-01  -1.0835645e+00   1.1433596e+00   1.0800241e+00
   1.0000000e+00  -1.0380397e+00   9.8574029e-01  -6.7951122e-01  -1.5386697e-02  -5.7128603e-01   1.5205713e-01
   1.0000000e+00  -6.0718542e-01   1.2627220e+00  -2.3233235e-02   3.0540303e-01   5.2417600e-01   6.5645357e-01
   2.0000000e+00   3.8391961e-01  -3.9968445e-01  -6.4120717e-01   1.2971943e+00  -1.7362436e+00  -7.8343521e-02
   1.0000000e+00  -6.4290300e-01   1.8064276e+00   4.8289081e-01   5.0581566e-01  -9.3434931e-01   3.6481663e-02
   2.0000000e+00   1.4083172e+00   6.6629926e-01   8.8646370e-01  -1.4073586e-02  -4.3137654e-01  -1.3181429e+00
   2.0000000e+00   1.1127785e-01   1.9913811e-01   1.3790339e+00   1.9664112e+00   5.4035365e-01  -1.6645658e+00
   2.0000000e+00  -3.7265520e-01   1.0220335e+00  -1.6325754e+00  -2.4257221e+00   1.6263311e+00  -1.4225661e+00
   1.0000000e+00   2.0220995e-01  -3.7779091e-01  -3.5257340e-01  -4.8969745e-02   6.8434735e-01   3.6460201e-01
   2.0000000e+00  -3.9679186e-01  -4.9592119e-01   1.1851711e+00  -1.2766337e+00   1.8641619e+00   9.1223516e-01
   2.0000000e+00   4.9482240e-01   1.6361222e-01  -1.1920960e+00  -8.9810065e-01  -7.1772411e-01  -1.0666020e+00
   1.0000000e+00   5.9414890e-01   1.8763076e+00   1.0768447e-01   1.1727558e+00   2.2198083e+00   1.2754325e-01
   2.0000000e+00  -7.6194372e-01   1.0334068e+00   5.8310581e-01  -3.8426909e-01   2.4506886e+00  -3.3389477e-01
   2.0000000e+00  -1.2825992e+00  -6.6411874e-01   3.9233808e-01   1.0540209e+00  -1.2246152e+00  -4.7512900e-01
   2.0000000e+00   1.1428630e+00  -5.8811381e-01   1.7623453e+00  -1.2735692e+00   1.0136138e-01   2.0328918e+00
   2.0000000e+00  -9.3029525e-01   1.6615934e+00   6.7832193e-01   1.0652924e+00   1.4596304e+00  -4.0588097e-02
   2.0000000e+00  -5.8620766e-01   4.9259119e-01   3.4876806e-01   2.9057768e-01  -3.2819858e-01  -1.8399978e+00
   2.0000000e+00   6.9890101e-01  -1.2097775e+00   1.1929152e+00  -1.3215466e+00  -4.9571273e-01  -1.0116784e+00
   2.0000000e+00  -4.8593587e-01   1.0527454e+00   9.2732769e-01   7.1382036e-02  -2.2893452e-01   2.1679752e+00
   2.0000000e+00   2.5653827e-01   1.3393111e-01  -9.5185107e-01  -1.3815397e+00   9.2904135e-01   1.0004051e+00
   2.0000000e+00  -4.5300845e-01  -2.6342691e-01   8.4083289e-01   4.4365599e-01   1.2345206e+00   1.5235010e+00
   2.0000000e+00  -1.0002694e-01   8.0104725e-01  -3.3957925e-01  -5.0068390e-01   8.5811472e-01  -9.8483108e-01
   2.0000000e+00   8.6886248e-01  -6.3804645e-01   1.1959727e+00  -8.5707737e-01  -2.4194160e+00  -5.1724042e-01
   1.0000000e+00   4.3546379e-03  -2.7551890e+00   5.5537162e-01   3.0559192e-01  -1.1000371e+00   1.0424893e-01
   1.0000000e+00   8.7277278e-01  -3.3332110e-01  -6.2419841e-01   4.0977855e-01  -1.3748669e+00   6.0353048e-01
   2.0000000e+00  -1.8484660e+00   9.4547547e-01   7.3303978e-01   6.4835213e-01   5.9004709e-01   1.9315288e+00
   2.0000000e+00   6.4975398e-02  -1.3364518e+00  -1.1682852e+00   4.9811451e-01   2.0425808e+00   7.1505847e-01
   2.0000000e+00  -2.3477457e-01   7.4244436e-01   6.7205349e-01  -5.7630027e-01  -9.5158047e-01  -7.5545979e-01
   2.0000000e+00   1.5405542e+00   3.5333597e-01  -9.6623596e-01   8.1483417e-02  -6.2741669e-01  -9.3600951e-01
   2.0000000e+00  -6.8922127e-02   4.0439683e-03   1.0151907e+00   1.5803983e-01   6.3153408e-01   4.8775828e-01
   2.0000000e+00  -6.2650318e-01   9.9994300e-01   2.0245205e+00  -1.0592600e+00   2.0396702e-01  -1.1062641e-01
   1.0000000e+00  -1.0485190e+00   1.0330942e+00  -3.5768637e-01  -1.2066732e-01   1.8880637e-01   1.0463291e-01
   1.0000000e+00   7.9987109e-01  -7.7263005e-01  -3.8041828e-01   1.2862430e-01  -1.0149412e+00   1.9338057e-01
   2.0000000e+00  -6.0367647e-01   3.9172992e-01  -3.5638971e-01  -9.1505028e-01  -3.4281848e+00   9.8716491e-01
   2.0000000e+00   2.4787593e+00  -1.0290161e+00   1.2083404e-01  -7.2121982e-02  -7.9462569e-02   9.8208160e-02
   2.0000000e+00   8.6069133e-01   4.1935900e-01   7.3686685e-01  -1.9823212e+00  -6.4054382e-01  -1.8354975e+00
   2.0000000e+00  -8.1037926e-01  -1.3668419e+00  -7.8821433e-01   1.5945576e+00  -6.6330037e-01  -4.0302135e-02
   2.0000000e+00   1.4297666e+00  -2.5195097e+00  -1.6235015e+00   2.1131759e+00   4.5531247e-01   3.3922290e-01
   2.0000000e+00  -1.4052192e+00   1.5172467e+00  -3.1010519e-01   1.2415648e+00  -8.6063415e-01  -3.5469082e-01
   1.0000000e+00  -1.1483387e+00   6.2426110e-01  -2.1879872e-02   1.1136404e+00   3.7681932e-01   8.0836232e-01
   1.0000000e+00  -8.0657042e-01   2.6474454e-01   2.9865048e-01  -9.4344127e-03  -1.9876090e-01   1.4704902e-01
   2.0000000e+00   4.1836340e-01  -5.2985000e-01   1.8171068e+00  -8.1938702e-01   1.2475537e+00   4.3188889e-01
   2.0000000e+00   1.3567850e+00   4.7272305e-01   1.7453407e+00  -6.6981503e-01   2.8594927e+00  -4.1359989e-01
   2.0000000e+00  -2.3243506e-01   1.0139080e+00  -4.9740954e-01   6.5807662e-01  -2.4143513e-01   1.5156627e+00
   1.0000000e+00  -7.6939906e-01  -7.8500363e-01   1.1206540e-01  -2.7581040e-02  -7.9895332e-01   4.7053801e-01
   2.0000000e+00   1.1785848e+00   7.4630618e-01  -1.5681024e-01   4.8197591e-01   6.1648835e-01  -2.9075547e-01
   1.0000000e+00   1.4196781e+00   5.2499360e-01   3.6583620e-01   3.8010082e-02   5.6045226e-01   5.2671353e-01
   2.0000000e+00   8.5152797e-01   1.0977888e+00   1.3758292e+00  -4.4158237e-01  -1.7373037e+00   1.5752365e+00
   2.0000000e+00  -8.8418425e-01  -8.7847772e-01   1.0686749e+00   1.2372103e-01  -3.5563325e-02   9.4356839e-01
   2.0000000e+00   6.0784659e-02  -1.5562039e+00  -8.2073764e-02  -1.3938427e+00   5.6414144e-01   1.1345269e+00
   2.0000000e+00   1.3798509e-01  -1.9254423e+00  -5.7808155e-01   2.2628739e-01  -2.1876336e+00  -4.0752382e-01
   1.0000000e+00  -6.0791902e-01  -8.1984331e-01   2.9820689e-01   1.5284357e+00  -1.5151233e+00   7.5748821e-01
   2.0000000e+00   8.6885180e-01  -5.3673672e-01   4.0497172e-02  -8.9591922e-01   3.2962965e-01   1.6032660e+00
   2.0000000e+00   1.3350875e+00  -1.0171428e+00  -6.2920716e-01  -8.1255794e-01  -7.0427282e-01  -1.3878305e+00
   2.0000000e+00  -1.0695295e+00   1.7351598e+00   6.3621357e-01   1.4910110e+00   1.1847370e+00  -7.6820490e-01
   2.0000000e+00  -1.9319081e+00  -2.5914018e+00   3.0716335e+00   1.1012188e+00   1.4077377e+00   1.7405378e-01
   2.0000000e+00   1.2163430e+00   2.9440155e-01   1.2873763e+00   1.1923826e+00  -6.7298484e-02   6.0028693e-01
   1.0000000e+00   3.0037661e-01  -4.5875026e-01   5.8647140e-01  -3.1132444e-01  -1.3729740e+00   7.3576832e-01
   2.0000000e+00  -3.4887208e-01  -6.5160050e-01   5.9523332e-01   7.5867872e-02   8.1883999e-02  -6.0304181e-01
   2.0000000e+00  -8.6220553e-01  -6.3863476e-01  -1.2271025e+00   2.4273391e-01   8.3512027e-01   1.0106699e+00
   2.0000000e+00  -9.3390653e-01  -4.8145296e-01  -4.2530918e-02  -1.3599034e+00   6.7513788e-01  -1.8970856e-02
   2.0000000e+00   3.1147782e-03  -5.3161358e-01  -1.2027029e+00   8.4441060e-01  -5.9730791e-01  -4.3979741e-01
   2.0000000e+00   5.5458788e-01   3.1183827e-01   4.6071223e-01  -1.4199902e+00  -8.8514470e-01   1.0142218e+00
   2.0000000e+00  -1.8462038e+00  -1.2251718e-01   1.2754952e+00   1.4539188e+00  -1.2532654e+00   1.8686895e+00
   2.0000000e+00   1.3111381e+00  -4.3341177e-01   1.3280798e+00  -2.3720707e-01  -1.4436324e+00   2.8075238e-01
   2.0000000e+00   4.9755209e-01   9.8364246e-01  -9.8058280e-01   2.6678082e-01   9.9465997e-01  -2.4227784e-01
   2.0000000e+00  -2.2450982e-01   6.5384077e-01   9.7047324e-01   8.5416714e-01  -1.2557553e+00   7.6309843e-01
   2.0000000e+00   6.8791274e-01   1.4959729e+00  -1.0038677e+00   1.5876302e-01   4.7576798e-01  -3.2513297e-01
   2.0000000e+00  -1.3660293e+00   1.9920974e+00   1.2183201e-01   3.3566205e-01  -2.3098829e-01   1.3490711e+00
   2.0000000e+00  -2.1975787e-01  -3.4243124e-01  -5.1612692e-01   1.6713278e-02  -4.6478244e-01  -3.1869203e-01
   2.0000000e+00  -7.2848892e-02  -5.0999509e-01  -4.5905854e-01   1.5258582e+00   2.0743226e-02  -6.6049212e-01
   2.0000000e+00  -4.6120569e-03   3.5830875e-01  -5.2112247e-01  -7.4905189e-01   3.1235437e-01  -1.3262296e+00
   2.0000000e+00   6.2630273e-01   5.3233770e-01  -3.2935017e-01   9.5302802e-01  -7.8054906e-01   1.3400448e+00
   1.0000000e+00   3.0876029e-01  -1.3462402e-01  -4.0402004e-01  -4.7724731e-01   4.3061193e-02   6.1419298e-01
   2.0000000e+00   9.0246367e-01  -1.1293827e+00  -1.5044200e+00   1.1364304e+00   1.7300411e+00  -2.8055337e-01
   2.0000000e+00   1.6149342e-01  -1.5919539e+00  -2.1591600e+00   2.8912078e-01   3.6176863e-01   6.8105803e-01
   2.0000000e+00  -2.1305280e-01   1.5866952e+00  -2.9730992e-01   1.1071866e+00  -1.1437917e+00  -1.1670614e+00
   2.0000000e+00   1.1505450e-01  -1.4473647e-01   5.6836825e-01   8.6220176e-01   7.6006549e-02   1.2714134e+00
   2.0000000e+00   1.5985194e-02  -7.1392042e-01   1.4999638e+00   1.9830905e+00   2.0999768e+00   1.2199843e+00
   2.0000000e+00   2.0139856e+00   5.6321068e-01   2.0864780e+00   3.8145281e-01   1.2122695e-01   6.6050759e-01
   1.0000000e+00  -1.1802629e+00   2.8043781e-01  -2.4696270e-01  -6.1331481e-02  -2.0284820e-01   3.8413364e-01
   2.0000000e+00   2.5181499e+00   9.4982619e-01   1.1643955e+00   8.3510016e-01  -1.7836472e+00  -2.9367899e-01
   2.0000000e+00  -1.3627276e-01   3.2194446e-01  -1.2612285e+00   1.8987556e-01   8.5987103e-02   1.1808040e+00
   2.0000000e+00  -8.7231803e-01  -2.6068070e-01  -7.3703183e-02  -1.0950879e+00  -3.2018780e+00  -1.3280141e-02
   2.0000000e+00   1.5147329e+00   5.2527012e-01   3.5339041e-01  -7.2937166e-01  -1.0250872e+00   1.3296898e+00
   2.0000000e+00  -1.3834592e+00  -9.2097599e-02  -1.1883345e-01  -7.5790168e-01   1.3526839e+00  -1.2306041e-01
   1.0000000e+00   1.8762318e+00   8.0214554e-01   2.2994653e-01  -3.4198415e-01  -3.0611091e-01   3.8561134e-01
   2.0000000e+00   6.8450040e-01   4.6988714e-01  -9.7972378e-01   1.3414069e-02   1.9615959e+00  -4.6125283e-01
   2.0000000e+00  -1.2993207e+00   1.2701878e-01  -4.7274143e-01  -1.0855436e+00  -1.0552893e+00  -2.1087785e-01
   2.0000000e+00  -1.9683389e+00  -1.7291381e-01  -7.5021991e-01   5.5248253e-01  -2.0040981e+00  -7.9311744e-01
   2.0000000e+00   3.8310010e-01  -7.7929211e-01  -1.8901064e+00  -9.7856382e-01  -1.9945773e+00  -1.0068252e+00
